
Profile Array: (Size: 11*11)

Without /(Step*big_tau)
===============================================
0 5.92214 13.0273 6.67306 11.2129 10.1819 20.126 13.5385 14.3072 4.02597 14.3344 16.7352 0 
0 15.5013 8.21327 6.55496 7.61541 9.96293 16.8785 2.88428 3.15189 11.5859 13.8505 18.2397 0 
0 13.0223 5.79833 3.90195 9.27012 7.91499 14.715 5.75922 18.9973 1.44607 17.8526 24.6325 0 
0 8.69108 13.9056 12.7953 4.29647 6.58106 -8.17575 29.3414 9.07885 5.10707 9.17519 13.8433 0 
0 12.2055 12.1648 0.659331 26.3483 10.4623 7.84508 21.7464 14.0962 26.2939 10.3891 13.0139 0 
0 4.75669 4.2994 16.2048 3.33598 9.97979 6.98626 12.198 6.98399 12.3435 13.0641 17.7352 0 
0 -8.43686 8.04124 9.47351 8.52451 5.77874 8.40293 14.4162 15.8623 7.22013 7.47297 20.0883 0 
0 11.8292 11.3973 16.4547 9.5861 20.8418 16.1431 12.8484 14.3945 8.26506 9.66579 18.7878 0 
0 12.5809 13.2703 16.6558 15.1162 0.390572 13.1913 17.5968 5.5614 9.24229 10.2349 11.6249 0 
0 14.6011 10.2319 11.6004 13.5783 7.01911 -0.348255 6.97437 16.0344 10.4669 16.8856 -2.66379 0 
0 11.9963 18.5228 11.4032 10.8075 13.0488 7.20982 9.90897 12.7717 6.48006 5.9009 7.28226 0 

With /(Step*big_tau)
===============================================
0 0.592214 1.30273 0.667306 1.12129 1.01819 2.0126 1.35385 1.43072 0.402597 1.43344 1.67352 0 
0 1.55013 0.821327 0.655496 0.761541 0.996293 1.68785 0.288428 0.315189 1.15859 1.38505 1.82397 0 
0 1.30223 0.579833 0.390195 0.927012 0.791499 1.4715 0.575922 1.89973 0.144607 1.78526 2.46325 0 
0 0.869108 1.39056 1.27953 0.429647 0.658106 -0.817575 2.93414 0.907885 0.510707 0.917519 1.38433 0 
0 1.22055 1.21648 0.0659331 2.63483 1.04623 0.784508 2.17464 1.40962 2.62939 1.03891 1.30139 0 
0 0.475669 0.42994 1.62048 0.333598 0.997979 0.698626 1.2198 0.698399 1.23435 1.30641 1.77352 0 
0 -0.843686 0.804124 0.947351 0.852451 0.577874 0.840293 1.44162 1.58623 0.722013 0.747297 2.00883 0 
0 1.18292 1.13973 1.64547 0.95861 2.08418 1.61431 1.28484 1.43945 0.826506 0.966579 1.87878 0 
0 1.25809 1.32703 1.66558 1.51162 0.0390572 1.31913 1.75968 0.55614 0.924229 1.02349 1.16249 0 
0 1.46011 1.02319 1.16004 1.35783 0.701911 -0.0348255 0.697437 1.60344 1.04669 1.68856 -0.266379 0 
0 1.19963 1.85228 1.14032 1.08075 1.30488 0.720982 0.990897 1.27717 0.648006 0.59009 0.728226 0 
