
Profile Array: (Size: 11*11)

Without /(Step*big_tau)
===============================================
0 9.5736 10.5889 13.5951 13.2714 6.87715 7.64545 9.42258 10.9956 13.3766 24.6024 16.6848 0 
0 6.93081 12.7686 12.1328 8.64164 4.37367 6.90434 8.93099 9.33629 5.63836 15.4784 18.1528 0 
0 8.4424 10.8407 13.2783 9.77758 7.20429 9.40888 10.3778 12.9998 9.11066 16.7028 23.777 0 
0 9.42138 9.50539 7.68635 15.0903 10.3235 22.1192 6.5988 8.28358 12.3479 13.0877 21.2323 0 
0 7.23692 7.91805 7.80944 10.6435 12.9089 11.5763 5.25387 6.63276 12.5136 16.6224 21.2911 0 
0 6.90905 10.0159 12.9335 13.4449 14.8596 9.61159 6.36131 6.37847 13.0806 11.2625 16.5071 0 
0 7.03225 5.84872 7.02127 10.8159 14.2003 12.0885 9.21238 10.7694 8.59037 14.1643 16.2067 0 
0 5.51816 12.122 16.7189 13.0192 11.2864 13.1941 7.97817 13.374 10.9953 11.1623 13.6816 0 
0 9.05298 8.94058 11.1402 11.1058 9.66488 10.7093 6.32315 10.9415 11.4587 11.0876 14.9151 0 
0 5.5989 10.6727 12.394 17.1665 11.77 13.8487 8.36829 11.2394 13.4714 12.2034 12.8523 0 
0 4.94193 9.58709 23.1655 16.0764 16.2652 13.2082 7.00664 7.41407 15.6402 17.8624 14.1388 0 

With /(Step*big_tau)
===============================================
0 0.95736 1.05889 1.35951 1.32714 0.687715 0.764545 0.942258 1.09956 1.33766 2.46024 1.66848 0 
0 0.693081 1.27686 1.21328 0.864164 0.437367 0.690434 0.893099 0.933629 0.563836 1.54784 1.81528 0 
0 0.84424 1.08407 1.32783 0.977758 0.720429 0.940888 1.03778 1.29998 0.911066 1.67028 2.3777 0 
0 0.942138 0.950539 0.768635 1.50903 1.03235 2.21192 0.65988 0.828358 1.23479 1.30877 2.12323 0 
0 0.723692 0.791805 0.780944 1.06435 1.29089 1.15763 0.525387 0.663276 1.25136 1.66224 2.12911 0 
0 0.690905 1.00159 1.29335 1.34449 1.48596 0.961159 0.636131 0.637847 1.30806 1.12625 1.65071 0 
0 0.703225 0.584872 0.702127 1.08159 1.42003 1.20885 0.921238 1.07694 0.859037 1.41643 1.62067 0 
0 0.551816 1.2122 1.67189 1.30192 1.12864 1.31941 0.797817 1.3374 1.09953 1.11623 1.36816 0 
0 0.905298 0.894058 1.11402 1.11058 0.966488 1.07093 0.632315 1.09415 1.14587 1.10876 1.49151 0 
0 0.55989 1.06727 1.2394 1.71665 1.177 1.38487 0.836829 1.12394 1.34714 1.22034 1.28523 0 
0 0.494193 0.958709 2.31655 1.60764 1.62652 1.32082 0.700664 0.741407 1.56402 1.78624 1.41388 0 
